SceneName: new scene
SceneNodes:
  - uid: 0
    parent: 18446744073709551615
    components:
      TagComponent: Camera Object
      Transform:
        translation: [-0.0270021632, 0.750096858, -1.61674929]
        eulerAngles: [-13.5746908, 180.181091, 0]
        scale: [4.10000086, 1, 1]
      CameraComponent:
        fovy: 60
        aspect: 1.77777779
        near: 0.100000001
        far: 1000
        ProjectType: 0
        IsPrimary: true
  - uid: 1
    parent: 18446744073709551615
    components:
      TagComponent: DirectionalLight
      Transform:
        translation: [0, 0, 0]
        eulerAngles: [0, -0, 0]
        scale: [0.999841154, 0.999995828, 0.999841154]
      LightComponent:
        Type: 3
        Intensity: [1, 1, 1]
        Texture: 18446744073709551615
  - uid: 2
    parent: 18446744073709551615
    components:
      TagComponent: box_5.obj
      Transform:
        translation: [0, 0, 0]
        eulerAngles: [-179.999893, 89.9999466, -179.999893]
        scale: [1, 1, 1]
      MeshReference:
        ORID: 1678533635142608995
        CPF: 0
      MeshRendererComponent:
        - ORID: 1658390946990111580
SceneEnd: TRUE