SceneName: new scene
SceneNodes:
  - uid: 0
    parent: 18446744073709551615
    components:
      TagComponent: Camera Object
      Transform:
        translation: [-3.37687445, 10.8544216, -16.4334831]
        eulerAngles: [-19.5000992, -171.746231, 0]
        scale: [4.10000086, 1, 1]
      CameraComponent:
        fovy: 60
        aspect: 1.77777779
        near: 0.100000001
        far: 1000
        ProjectType: 0
        IsPrimary: true
  - uid: 1
    parent: 18446744073709551615
    components:
      TagComponent: DirectionalLight
      Transform:
        translation: [0, 0, 0]
        eulerAngles: [90, -9.56916324e-07, 22.3461571]
        scale: [0.99984169, 0.999998927, 0.999840081]
      LightComponent:
        Type: 3
        Intensity: [5, 5, 5]
        Texture: 18446744073709551615
  - uid: 2
    parent: 18446744073709551615
    children:
      - 3
    components:
      TagComponent: fireplace.fbx
      Transform:
        translation: [0, 0, 0]
        eulerAngles: [0, 0, 0]
        scale: [1, 1, 1]
  - uid: 3
    parent: 2
    components:
      TagComponent: fireplace_room_polySurface1
      Transform:
        translation: [0, 0, 0]
        eulerAngles: [0, 0, 0]
        scale: [1, 1, 1]
      MeshReference:
        ORID: 1686694520903411908
        CPF: 0
      MeshRendererComponent:
        - ORID: 1686694520905627664
        - ORID: 1686694520904226532
        - ORID: 1686694520906504954
        - ORID: 1686694520903734545
        - ORID: 1686694520905400631
        - ORID: 1686694520902751256
        - ORID: 1686694520903311163
        - ORID: 1686694520906415501
        - ORID: 1686694520903334266
        - ORID: 1686694520903141383
        - ORID: 1686694520904799405
        - ORID: 1686694520905795976
        - ORID: 1686694520902978746
        - ORID: 1686694520906695552
        - ORID: 1686694520904363629
        - ORID: 1686694520902751835
        - ORID: 1686694520906531266
        - ORID: 1686694520906706428
        - ORID: 1686694520905334126
        - ORID: 1686694520903525940
SceneEnd: TRUE