SceneName: new scene
SceneNodes:
  - uid: 0
    parent: 18446744073709551615
    components:
      TagComponent: Camera Object
      Transform:
        translation: [-2.34061837, 6.93804264, -6.26837063]
        eulerAngles: [-34.0673637, -158.565765, 0]
        scale: [4.10000086, 1, 1]
      CameraComponent:
        fovy: 60
        aspect: 1.77777779
        near: 0.100000001
        far: 1000
        ProjectType: 0
        IsPrimary: true
  - uid: 1
    parent: 18446744073709551615
    components:
      TagComponent: DirectionalLight
      Transform:
        translation: [0, 0, 0]
        eulerAngles: [2.79999566, -0, 0]
        scale: [0.999835074, 0.999960959, 0.99982363]
      LightComponent:
        Type: 0
        Intensity: [15, 15, 15]
        Texture: 18446744073709551615
        Pack0: [0, 0, 0, 0]
        Pack1: [0, 0, 0, 0]
  - uid: 2
    parent: 18446744073709551615
    components:
      TagComponent: box_4.obj
      Transform:
        translation: [0, 0, 0]
        eulerAngles: [0, 0, 0]
        scale: [1, 1, 1]
      MeshReference:
        ORID: 1678436602536814691
        CPF: 0
      MeshRendererComponent:
        - ORID: 1658390946990111580
SceneEnd: TRUE