SceneName: new scene
SceneNodes:
  - uid: 0
    parent: 18446744073709551615
    components:
      TagComponent: Camera Object
      Transform:
        translation: [7.02204561, 5.29078007, -10.2958202]
        eulerAngles: [-13.3947144, 174.513901, 0]
        scale: [4.10000086, 1, 1]
      CameraComponent:
        fovy: 60
        aspect: 1.77777779
        near: 0.100000001
        far: 1000
        ProjectType: 0
        IsPrimary: true
  - uid: 1
    parent: 18446744073709551615
    components:
      TagComponent: DirectionalLight
      Transform:
        translation: [0, 0, 0]
        eulerAngles: [0, -0, 0]
        scale: [0.999841154, 0.999995828, 0.999841154]
      LightComponent:
        Type: 3
        Intensity: [1, 1, 1]
        Texture: 18446744073709551615
  - uid: 2
    parent: 18446744073709551615
    components:
      TagComponent: room_cutt.obj
      Transform:
        translation: [0, 0, 0]
        eulerAngles: [0.000104273924, -89.9999466, 0.000104273924]
        scale: [0.999999881, 0.999988317, 0.999999046]
      MeshReference:
        ORID: 1674256568563120988
        CPF: 0
      MeshRendererComponent:
        - ORID: 1658390946990111580
SceneEnd: TRUE