SceneName: new scene
SceneNodes:
  - uid: 0
    parent: 18446744073709551615
    components:
      TagComponent: Camera Object
      Transform:
        translation: [5.00206327, 0.550650179, -2.42592692]
        eulerAngles: [1.9820807, -614.496399, 0]
        scale: [4.10000086, 1, 1]
        staticParam: 1
      CameraComponent:
        fovy: 60
        aspect: 1.77777779
        near: 0.100000001
        far: 1000
        ProjectType: 0
        IsPrimary: true
  - uid: 1
    parent: 18446744073709551615
    components:
      TagComponent: DirectionalLight
      Transform:
        translation: [3.62477422, 0.000442706456, -0.546955347]
        eulerAngles: [25.42, 84.040, 32.405]
        scale: [0.999844551, 0.999982357, 0.999873221]
        staticParam: 1
      LightComponent:
        Type: 0
        Intensity: [650, 650, 650]
        Texture: 18446744073709551615
        Pack0: [0, 0, 0, 0]
        Pack1: [0, 0, 0, 0]
  - uid: 2
    parent: 18446744073709551615
    children:
      - 3
    components:
      TagComponent: fireplace.fbx
      Transform:
        translation: [0, 0, 0]
        eulerAngles: [0, 0, 0]
        scale: [1, 1, 1]
        staticParam: 1
  - uid: 3
    parent: 2
    components:
      TagComponent: fireplace_room_polySurface1
      Transform:
        translation: [0, 0, 0]
        eulerAngles: [0, 0, 0]
        scale: [1, 1, 1]
        staticParam: 1
      MeshReference:
        ORID: 1756866168529360612
        CPF: 0
      MeshRendererComponent:
        - ORID: 1695093838893927706
        - ORID: 1695093838893119504
        - ORID: 1695093838891718372
        - ORID: 1695093838893996794
        - ORID: 1695093838891226385
        - ORID: 1695093838890722474
        - ORID: 1695093838891231833
        - ORID: 1695093838890803003
        - ORID: 1695093838893907341
        - ORID: 1695093838890826106
        - ORID: 1695093838890633223
        - ORID: 1695093838892291245
        - ORID: 1695093838893287816
        - ORID: 1695093838890470586
        - ORID: 1695093839966013893
        - ORID: 1695093839965597293
        - ORID: 1695093839963985499
        - ORID: 1695093839967764930
        - ORID: 1695093839967940092
        - ORID: 1695093839966567790
SceneEnd: TRUE