SceneName: new scene
SceneNodes:
  - uid: 0
    parent: 18446744073709551615
    components:
      TagComponent: Camera Object
      Transform:
        translation: [0.181854084, 4.18125391, -8.01631927]
        eulerAngles: [-10.4333048, 180.147522, 0]
        scale: [4.10000086, 1, 1]
      CameraComponent:
        fovy: 60
        aspect: 1.77777779
        near: 0.100000001
        far: 1000
        ProjectType: 0
        IsPrimary: true
  - uid: 1
    parent: 18446744073709551615
    components:
      TagComponent: DirectionalLight
      Transform:
        translation: [0, 0, 0]
        eulerAngles: [0, -0, 0]
        scale: [0.999841154, 0.999995828, 0.999841154]
      LightComponent:
        Type: 3
        Intensity: [1, 1, 1]
        Texture: 18446744073709551615
SceneEnd: TRUE